20070320    0.67   -0.01    0.14   0.019
20070321    1.64   -0.17   -0.15   0.019
20070322   -0.02    0.12   -0.18   0.019
20070323    0.08    0.05    0.16   0.019
20070326    0.06   -0.08   -0.06   0.019
20070327   -0.61   -0.18    0.05   0.019
20070328   -0.74    0.22    0.06   0.019
20070329    0.29   -0.19    0.22   0.019
20070330   -0.07    0.25   -0.07   0.019
20070402    0.22    0.01    0.09   0.022
20070403    0.93    0.02   -0.18   0.022
20070404    0.09   -0.18   -0.23   0.022
20070405    0.31   -0.01   -0.03   0.022
20070409    0.05   -0.26    0.23   0.022
20070410    0.22    0.06    0.08   0.022
20070411   -0.64   -0.07    0.10   0.022
20070412    0.61    0.17   -0.10   0.022
20070413    0.34    0.22   -0.12   0.022
20070416    1.06    0.27   -0.04   0.022
20070417    0.09   -0.40   -0.10   0.022
20070418    0.00   -0.63    0.34   0.022
20070419   -0.23   -0.34   -0.05   0.022
20070420    0.89    0.13    0.08   0.022
20070423   -0.24    0.06   -0.16   0.022
20070424   -0.10   -0.05   -0.24   0.022
20070425    0.91   -0.32    0.22   0.022
20070426   -0.02    0.31   -0.37   0.022
20070427   -0.13   -0.27   -0.39   0.022
20070430   -0.93   -0.81   -0.02   0.022
20070501    0.22   -0.09    0.03   0.018
20070502    0.79    0.53   -0.06   0.018
20070503    0.37   -0.34    0.31   0.018
20070504    0.25    0.16   -0.03   0.018
20070507    0.18   -0.33    0.33   0.018
20070508   -0.13   -0.04   -0.03   0.018
20070509    0.35    0.06   -0.08   0.018
20070510   -1.42   -0.38    0.23   0.018
20070511    0.95    0.10    0.13   0.018
20070514   -0.28   -0.59    0.15   0.018
20070515   -0.27   -0.76    0.34   0.018
20070516    0.82   -0.22    0.05   0.018
20070517   -0.10   -0.33    0.06   0.018
20070518    0.66    0.32   -0.40   0.018
20070521    0.31    0.84   -0.27   0.018
20070522    0.08    0.66   -0.17   0.018
20070523   -0.18   -0.20   -0.22   0.018
20070524   -1.07   -0.31   -0.15   0.018
20070525    0.55    0.18   -0.03   0.018
20070529    0.24    0.55   -0.04   0.018
20070530    0.77   -0.28    0.09   0.018
20070531    0.13    0.29   -0.32   0.018
20070601    0.44    0.33   -0.02   0.019
20070604    0.18    0.04    0.03   0.019
20070605   -0.55   -0.07   -0.22   0.019
20070606   -0.92    0.13    0.01   0.019
20070607   -1.75    0.10   -0.10   0.019
20070608    1.07   -0.12    0.01   0.019
20070611    0.08   -0.26    0.12   0.019
20070612   -1.06   -0.08   -0.20   0.019
20070613    1.37   -0.28   -0.05   0.019
20070614    0.50    0.04    0.04   0.019
20070615    0.69    0.41    0.03   0.019
20070618   -0.13    0.03   -0.12   0.019
20070619    0.14   -0.01    0.12   0.019
20070620   -1.29    0.18   -0.30   0.019
20070621    0.56   -0.20    0.05   0.019
20070622   -1.25    0.64   -0.05   0.019
20070625   -0.39   -0.35   -0.04   0.019
20070626   -0.35    0.17   -0.41   0.019
20070627    0.92    0.33   -0.23   0.019
20070628    0.03    0.12    0.15   0.019
20070629   -0.19   -0.34    0.19   0.019
20070702    1.06   -0.08    0.13   0.019
20070703    0.36   -0.04   -0.12   0.019
20070705    0.07    0.16   -0.54   0.019
20070706    0.40   -0.07   -0.14   0.019
20070709    0.10    0.03    0.02   0.019
20070710   -1.43   -0.16   -0.33   0.019
20070711    0.55   -0.29   -0.10   0.019
20070712    1.78   -0.18   -0.31   0.019
20070713    0.28   -0.31    0.14   0.019
20070716   -0.31   -0.45   -0.31   0.019
20070717    0.02    0.16   -0.14   0.019
20070718   -0.25   -0.26    0.10   0.019
20070719    0.44    0.30   -0.45   0.019
20070720   -1.25   -0.29   -0.17   0.019
20070723    0.36   -0.43   -0.34   0.019
20070724   -2.04   -0.50   -0.31   0.019
20070725    0.30   -0.37    0.03   0.019
20070726   -2.36    0.01   -0.33   0.019
20070727   -1.51   -0.07    0.12   0.019
20070730    0.93   -0.23   -0.11   0.019
20070731   -1.19    0.29    0.05   0.019
20070801    0.51   -0.51   -0.11   0.018
20070802    0.55    0.11   -0.46   0.018
20070803   -2.66   -0.66   -0.61   0.018
20070806    2.07   -1.14   -0.48   0.018
20070807    0.65    0.26   -0.47   0.018
20070808    1.47    1.18   -0.72   0.018
20070809   -2.74    1.60   -0.42   0.018
20070810    0.03    0.08    1.21   0.018
20070813   -0.06   -1.15    0.42   0.018
20070814   -1.83   -0.05   -0.20   0.018
20070815   -1.46    0.06   -0.12   0.018
20070816    0.31    1.27    0.76   0.018
20070817    2.36   -0.42    0.21   0.018
20070820    0.00    0.13   -0.23   0.018
20070821    0.15   -0.05   -0.05   0.018
20070822    1.20    0.03    0.00   0.018
20070823   -0.23   -0.97    0.29   0.018
20070824    1.21    0.11   -0.24   0.018
20070827   -0.85   -0.06   -0.22   0.018
20070828   -2.33   -0.08   -0.30   0.018
20070829    2.13    0.10    0.02   0.018
20070830   -0.43    0.00   -0.47   0.018
20070831    1.12    0.04   -0.11   0.018
20070904    1.03   -0.25    0.07   0.017
20070905   -1.05    0.02   -0.28   0.017
20070906    0.42   -0.06   -0.15   0.017
20070907   -1.70   -0.26    0.20   0.017
20070910   -0.27   -0.50   -0.18   0.017
20070911    1.35    0.02   -0.40   0.017
20070912   -0.03   -0.42   -0.17   0.017
20070913    0.69   -0.65    0.16   0.017
20070914    0.10    0.32   -0.09   0.017
20070917   -0.60   -0.43    0.01   0.017
20070918    2.88    0.56    0.14   0.017
20070919    0.59    0.57    0.18   0.017
20070920   -0.65   -0.17   -0.27   0.017
20070921    0.43   -0.25   -0.16   0.017
20070924   -0.56   -0.40   -0.51   0.017
20070925   -0.03   -0.30   -0.42   0.017
20070926    0.60    0.11   -0.08   0.017
20070927    0.43    0.20   -0.12   0.017
20070928   -0.37   -0.50    0.04   0.017
20071001    1.37    0.77    0.02   0.014
20071002    0.11    0.63    0.09   0.014
20071003   -0.48   -0.16   -0.17   0.014
20071004    0.18   -0.03    0.17   0.014
20071005    1.10    0.59   -0.06   0.014
20071008   -0.27   -0.17   -0.29   0.014
20071009    0.78   -0.24   -0.11   0.014
20071010   -0.13    0.00   -0.42   0.014
20071011   -0.58   -0.63    0.64   0.014
20071012    0.51    0.11   -0.28   0.014
20071015   -0.89   -0.30   -0.07   0.014
20071016   -0.67   -0.04   -0.17   0.014
20071017    0.22   -0.16   -0.23   0.014
20071018   -0.10    0.07   -0.29   0.014
20071019   -2.45   -0.42    0.07   0.014
20071022    0.47    0.86   -0.03   0.014
20071023    0.85    0.02   -0.53   0.014
20071024   -0.33   -0.46   -0.02   0.014
20071025   -0.19   -0.29   -0.04   0.014
20071026    1.38    0.26    0.27   0.014
20071029    0.40   -0.30   -0.45   0.014
20071030   -0.64    0.15    0.02   0.014
20071031    1.23   -0.01    0.02   0.014
20071101   -2.66   -0.77   -0.29   0.016
20071102    0.08    0.14   -0.66   0.016
20071105   -0.59   -0.29    0.04   0.016
20071106    1.19    0.01   -0.22   0.016
20071107   -2.77   -0.02   -0.21   0.016
20071108   -0.05    0.52    1.20   0.016
20071109   -1.46    0.31    0.81   0.016
20071112   -1.08    0.43    0.07   0.016
20071113    2.81   -0.46   -0.25   0.016
20071114   -0.63   -0.26   -0.24   0.016
20071115   -1.26    0.06    0.15   0.016
20071116    0.41   -0.65   -0.46   0.016
20071119   -1.81   -0.25   -0.27   0.016
20071120    0.31   -0.59   -0.01   0.016
20071121   -1.54    0.46    0.01   0.016
20071123    1.59    0.16   -0.01   0.016
20071126   -2.09   -0.07   -0.44   0.016
20071127    1.31   -0.52   -0.40   0.016
20071128    2.90    0.25   -0.47   0.016
20071129    0.02   -0.51   -0.23   0.016
20071130    0.70   -0.56    0.70   0.016
20071203   -0.59   -0.51    0.31   0.014
20071204   -0.62   -0.12   -0.04   0.014
20071205    1.47    0.03   -0.26   0.014
20071206    1.55    0.78    0.23   0.014
20071207   -0.07    0.02    0.05   0.014
20071210    0.71   -0.12    0.10   0.014
20071211   -2.50   -0.22    0.15   0.014
20071212    0.48   -0.01   -0.09   0.014
20071213    0.06   -0.35   -0.16   0.014
20071214   -1.36   -0.45   -0.17   0.014
20071217   -1.59   -0.13    0.30   0.014
20071218    0.65    1.03   -0.04   0.014
20071219   -0.10    0.29   -0.39   0.014
20071220    0.64    0.78   -0.40   0.014
20071221    1.64    0.23   -0.04   0.014
20071224    0.80    0.08    0.14   0.014
20071226    0.10    0.16   -0.07   0.014
20071227   -1.49   -1.06    0.20   0.014
20071228    0.12   -0.37   -0.09   0.014
20071231   -0.65    0.06    0.26   0.014
20080102   -1.46   -0.04   -0.02   0.010
20080103   -0.14   -0.96   -0.34   0.010
20080104   -2.56   -0.39    0.31   0.010
20080107    0.16    0.08    0.21   0.010
20080108   -1.81   -0.37   -0.66   0.010
20080109    1.10   -0.40   -0.52   0.010
20080110    0.89   -0.11    0.39   0.010
20080111   -1.42   -0.59    0.20   0.010
20080114    1.02   -0.10   -0.18   0.010
20080115   -2.39    0.53    0.09   0.010
20080116   -0.51    0.80    0.93   0.010
20080117   -2.80    0.45   -0.08   0.010
20080118   -0.56   -0.23   -0.81   0.010
20080122   -0.98    0.42    0.78   0.010
20080123    2.04    0.54    1.38   0.010
20080124    1.02   -0.92   -0.77   0.010
20080125   -1.39    0.82    0.30   0.010
20080128    1.71    0.00    0.74   0.010
20080129    0.69   -0.44    0.89   0.010
20080130   -0.59   -0.32   -0.04   0.010
20080131    1.66    0.72    0.34   0.010
20080201    1.48    0.55    0.07   0.007
20080204   -0.99    0.13    0.14   0.007
20080205   -3.01    0.56    0.04   0.007
20080206   -0.85   -0.28    0.56   0.007
20080207    0.82    0.34    0.01   0.007
20080208   -0.30   -0.07   -0.23   0.007
20080211    0.58   -0.30   -0.41   0.007
20080212    0.61   -0.17   -0.02   0.007
20080213    1.46    0.58   -0.01   0.007
20080214   -1.35   -0.71    0.37   0.007
20080215   -0.02   -0.74    0.32   0.007
20080219   -0.06    0.22   -0.28   0.007
20080220    0.83    0.17   -0.13   0.007
20080221   -1.28   -0.25   -0.28   0.007
20080222    0.61   -0.82    0.53   0.007
20080225    1.46    0.33   -0.07   0.007
20080226    0.72    0.30   -0.02   0.007
20080227   -0.11    0.00   -0.47   0.007
20080228   -0.93   -0.37   -0.14   0.007
20080229   -2.64    0.25   -0.08   0.007
20080303   -0.04   -0.26   -0.16   0.009
20080304   -0.36    0.02    0.10   0.009
20080305    0.56   -0.27   -0.23   0.009
20080306   -2.26   -0.29   -0.14   0.009
20080307   -0.88    0.31    0.50   0.009
20080310   -1.72   -0.45    0.61   0.009
20080311    3.57    0.02   -0.06   0.009
20080312   -0.77    0.19   -0.69   0.009
20080313    0.65    1.14   -0.17   0.009
20080314   -2.07   -0.11   -0.06   0.009
20080317   -1.21   -0.68    0.56   0.009
20080318    4.09   -0.20   -0.49   0.009
20080319   -2.37    0.21    0.03   0.009
20080320    2.30   -0.18    0.23   0.009
20080324    1.71    0.91   -0.63   0.009
20080325    0.38    0.35    0.03   0.009
20080326   -0.82    0.56   -0.19   0.009
20080327   -1.13   -0.12    0.13   0.009
20080328   -0.82   -0.35    0.31   0.009
20080331    0.57    0.02    0.51   0.009
20080401    3.37   -0.85   -0.09   0.008
20080402   -0.09    0.41    0.03   0.008
20080403    0.14   -0.09   -0.05   0.008
20080404    0.16    0.03   -0.26   0.008
20080407    0.14   -0.39    0.48   0.008
20080408   -0.34    0.29    0.08   0.008
20080409   -0.96   -0.67   -0.11   0.008
20080410    0.53    0.65   -0.71   0.008
20080411   -2.02   -0.45    0.62   0.008
20080414   -0.38    0.11    0.14   0.008
20080415    0.46    0.24    0.34   0.008
20080416    2.27    0.28    0.17   0.008
20080417   -0.10   -0.73    0.20   0.008
20080418    1.67    0.00   -0.68   0.008
20080421   -0.17   -0.16   -0.32   0.008
20080422   -0.97   -0.93    0.29   0.008
20080423    0.26    0.19   -1.09   0.008
20080424    0.66    0.52    0.20   0.008
20080425    0.68   -0.18    0.19   0.008
20080428   -0.03    0.50    0.17   0.008
20080429   -0.36   -0.32    0.29   0.008
20080430   -0.30   -0.12    0.17   0.008
20080501    1.66    0.00    0.05   0.008
20080502    0.20   -0.71    0.12   0.008
20080505   -0.41    0.29    0.03   0.008
20080506    0.75   -0.11    0.51   0.008
20080507   -1.66    0.14   -0.15   0.008
20080508    0.37    0.03    0.03   0.008
20080509   -0.54    0.64   -0.25   0.008
20080512    1.10    0.51   -0.36   0.008
20080513    0.09    0.57    0.04   0.008
20080514    0.38   -0.41    0.13   0.008
20080515    1.02   -0.15   -0.25   0.008
20080516    0.10   -0.40    0.16   0.008
20080519   -0.02   -0.26    0.36   0.008
20080520   -0.80    0.57    0.03   0.008
20080521   -1.56    0.50    0.23   0.008
20080522    0.38    0.27   -0.04   0.008
20080523   -1.24    0.22   -0.47   0.008
20080527    0.72    0.47   -0.20   0.008
20080528    0.49   -0.09   -0.04   0.008
20080529    0.61    0.23   -0.29   0.008
20080530    0.29    0.19    0.14   0.008
20080602   -0.98    0.19    0.36   0.008
20080603   -0.46    0.27   -0.04   0.008
20080604    0.02    0.61   -0.65   0.008
20080605    1.95    0.16    0.00   0.008
20080606   -2.90    0.33    0.06   0.008
20080609   -0.03   -0.55    0.12   0.008
20080610   -0.31    0.07   -0.35   0.008
20080611   -1.66   -0.04    0.00   0.008
20080612    0.31    0.00   -0.18   0.008
20080613    1.56    0.13   -0.29   0.008
20080616    0.15    0.78   -0.19   0.008
20080617   -0.55    0.15    0.02   0.008
20080618   -0.96    0.25    0.36   0.008
20080619    0.34    0.45   -0.65   0.008
20080620   -1.79    0.46    0.08   0.008
20080623   -0.16   -0.56    0.07   0.008
20080624   -0.54   -0.97   -0.01   0.008
20080625    0.64    0.27   -0.45   0.008
20080626   -2.83    0.67    0.17   0.008
20080627   -0.37    0.21   -0.36   0.008
20080630   -0.07   -1.14    0.72   0.008
20080701    0.29   -0.32    0.03   0.007
20080702   -2.00   -0.72   -0.24   0.007
20080703   -0.15   -0.72   -0.10   0.007
20080707   -0.81    0.01   -0.95   0.007
20080708    1.84    1.35    1.75   0.007
20080709   -2.06   -0.27   -0.98   0.007
20080710    0.65   -0.27   -0.79   0.007
20080711   -0.88    1.31   -0.85   0.007
20080714   -0.93   -0.41   -1.92   0.007
20080715   -0.96    1.11   -1.10   0.007
20080716    2.52    0.80    3.28   0.007
20080717    1.12    0.51    3.02   0.007
20080718   -0.08   -0.69    1.03   0.007
20080721    0.16    0.17   -0.29   0.007
20080722    1.37    1.34    2.44   0.007
20080723    0.32    0.28    1.20   0.007
20080724   -2.31    0.16   -2.39   0.007
20080725    0.47    0.80   -0.87   0.007
20080728   -1.76   -0.17   -1.01   0.007
20080729    2.27    0.14    2.51   0.007
20080730    1.58   -1.50    0.15   0.007
20080731   -1.16    0.71    0.24   0.007
20080801   -0.47    0.79    0.50   0.006
20080804   -1.09   -0.10    0.27   0.006
20080805    2.64   -0.36    1.24   0.006
20080806    0.50    0.44   -0.95   0.006
20080807   -1.73    0.43   -1.39   0.006
20080808    2.28    0.69    1.22   0.006
20080811    0.83    1.51    0.91   0.006
20080812   -1.05    0.84   -1.76   0.006
20080813   -0.15    0.44   -1.40   0.006
20080814    0.63    0.32    0.87   0.006
20080815    0.38   -0.24    0.89   0.006
20080818   -1.45    0.17   -0.60   0.006
20080819   -1.00   -0.81   -0.82   0.006
20080820    0.54   -0.74    0.13   0.006
20080821    0.12   -1.09   -0.13   0.006
20080822    1.14    0.64    0.68   0.006
20080825   -1.92   -0.18   -0.38   0.006
20080826    0.33   -0.25    0.21   0.006
20080827    0.88    0.26    0.33   0.006
20080828    1.51    0.41    1.33   0.006
20080829   -1.25    0.28    0.57   0.006
20080902   -0.44    0.62    1.40   0.007
20080903   -0.23    0.69    1.45   0.007
20080904   -2.90    0.16   -0.38   0.007
20080905    0.42   -0.62    1.18   0.007
20080908    1.76   -0.36    1.80   0.007
20080909   -3.41    0.70   -1.06   0.007
20080910    0.70    0.21   -0.38   0.007
20080911    1.22   -0.98    0.36   0.007
20080912    0.29   -0.22   -0.04   0.007
20080915   -4.45    1.35   -2.20   0.007
20080916    1.65    0.44    1.64   0.007
20080917   -4.60    0.40   -1.90   0.007
20080918    4.41    1.53    3.95   0.007
20080919    4.27   -1.76    3.26   0.007
20080922   -3.93    0.06   -2.80   0.007
20080923   -1.55    0.10    0.10   0.007
20080924   -0.32   -1.12   -0.65   0.007
20080925    1.70   -1.12    0.68   0.007
20080926    0.11   -0.69    0.49   0.007
20080929   -8.26    3.02   -3.22   0.007
20080930    4.88   -3.29    2.29   0.007
20081001   -0.47   -0.58    2.48   0.004
20081002   -4.20   -0.39    0.30   0.004
20081003   -1.47   -0.89   -1.22   0.004
20081006   -3.95    0.00    0.30   0.004
20081007   -5.76    0.83   -3.00   0.004
20081008   -1.27   -0.45   -1.74   0.004
20081009   -7.36   -0.20   -2.62   0.004
20081010   -0.95    4.30    1.89   0.004
20081013   11.35   -2.82   -1.53   0.004
20081014   -0.86   -2.52    3.65   0.004
20081015   -8.78    0.53    0.06   0.004
20081016    4.32    2.02   -1.27   0.004
20081017   -0.41   -0.84   -0.49   0.004
20081020    4.55   -1.55   -0.17   0.004
20081021   -2.95    0.16    0.48   0.004
20081022   -5.76    1.02   -0.08   0.004
20081023    0.29   -3.46   -0.37   0.004
20081024   -3.28    0.04   -0.66   0.004
20081027   -3.36   -0.75    0.23   0.004
20081028    9.77   -3.79    0.35   0.004
20081029   -0.47    2.60   -0.76   0.004
20081030    2.99    1.67   -0.02   0.004
20081031    1.88    2.38    1.47   0.004
20081103   -0.05    0.27    0.28   0.001
20081104    3.57   -2.67    0.39   0.001
20081105   -5.06    0.13   -1.13   0.001
20081106   -4.83    1.62   -0.45   0.001
20081107    2.61   -1.25   -0.55   0.001
20081110   -1.32   -0.88   -1.56   0.001
20081111   -2.25    0.18    0.07   0.001
20081112   -5.14   -0.31   -1.17   0.001
20081113    6.79    0.42    0.04   0.001
20081114   -4.27   -2.03    0.09   0.001
20081117   -2.43    1.60   -0.97   0.001
20081118    0.70   -1.31   -0.42   0.001
20081119   -6.29   -0.12   -2.52   0.001
20081120   -6.60    1.73   -2.51   0.001
20081121    6.11   -1.75   -1.37   0.001
20081124    6.27   -0.95    3.50   0.001
20081125    0.94    0.14    2.24   0.001
20081126    3.88    1.46    0.19   0.001
20081128    1.06   -0.34    1.20   0.001
20081201   -8.95   -0.83   -2.68   0.000
20081202    3.97    0.77    1.85   0.000
20081203    2.63   -0.06    0.98   0.000
20081204   -2.90    0.38    0.62   0.000
20081205    3.75    0.29    1.01   0.000
20081208    3.80   -0.46    0.26   0.000
20081209   -2.23   -0.59   -0.97   0.000
20081210    1.20    0.71   -0.50   0.000
20081211   -2.93   -1.29   -1.69   0.000
20081212    0.96    2.45    0.01   0.000
20081215   -1.54   -1.36   -0.89   0.000
20081216    5.15   -0.05    1.80   0.000
20081217   -0.62    1.62   -0.38   0.000
20081218   -1.83    0.95   -0.42   0.000
20081219    0.35    0.71   -0.10   0.000
20081222   -1.87   -0.03   -0.79   0.000
20081223   -0.89   -0.10   -0.59   0.000
20081224    0.51   -0.23    0.36   0.000
20081226    0.63    0.52    0.12   0.000
20081229   -0.56   -1.40    0.12   0.000
20081230    2.47    0.50    0.82   0.000
20081231    1.70    1.46    0.62   0.000
20090102    3.11   -1.48   -0.02   0.000
20090105   -0.28    0.43   -0.63   0.000
20090106    0.87    1.00    0.83   0.000
20090107   -2.96    0.30   -0.91   0.000
20090108    0.47    0.63    0.43   0.000
20090109   -2.21   -1.39   -0.96   0.000
20090112   -2.28    0.22   -1.57   0.000
20090113    0.28    0.44   -0.07   0.000
20090114   -3.38   -0.49   -1.07   0.000
20090115    0.39    1.99   -2.00   0.000
20090116    0.74    0.33   -0.84   0.000
20090120   -5.34   -0.05   -3.09   0.000
20090121    4.21   -1.00    1.84   0.000
20090122   -1.62   -1.11   -1.18   0.000
20090123    0.44   -0.35    0.64   0.000
20090126    0.54    0.57   -0.34   0.000
20090127    1.08   -0.36    0.02   0.000
20090128    3.32   -0.32    1.90   0.000
20090129   -3.23   -0.22   -1.77   0.000
20090130   -2.16    0.09   -0.88   0.000
20090202    0.06    1.28   -0.73   0.001
20090203    1.46   -0.44   -1.87   0.001
20090204   -0.60   -0.30   -0.19   0.001
20090205    1.61    0.03   -0.21   0.001
20090206    2.79    0.09    1.80   0.001
20090209    0.03   -0.85    0.10   0.001
20090210   -4.62    0.83   -2.07   0.001
20090211    0.75   -0.49    0.60   0.001
20090212    0.30    0.34   -0.69   0.001
20090213   -0.85    0.69   -0.92   0.001
20090217   -4.36    0.96   -2.03   0.001
20090218   -0.33   -0.78   -0.86   0.001
20090219   -1.15   -0.28   -1.34   0.001
20090220   -1.16    0.02   -1.12   0.001
20090223   -3.43   -0.19    0.79   0.001
20090224    4.00   -0.77    2.20   0.001
20090225   -1.15   -1.34    0.29   0.001
20090226   -1.53   -0.38    1.39   0.001
20090227   -2.01    1.52   -1.55   0.001
20090302   -4.75   -0.01   -0.28   0.001
20090303   -0.71   -0.82   -1.88   0.001
20090304    2.42    0.26   -0.63   0.001
20090305   -4.20   -0.56   -2.24   0.001
20090306    0.20    0.41   -0.62   0.001
20090309   -1.09   -0.87    0.48   0.001
20090310    6.35   -0.54    2.60   0.001
20090311    0.30   -0.48    0.55   0.001
20090312    4.16    1.30    1.45   0.001
20090313    0.73    0.24    0.32   0.001
20090316   -0.55   -1.01    0.65   0.001
20090317    3.20    0.66    0.98   0.001
20090318    2.18    0.46    2.91   0.001
20090319   -1.03    0.57   -1.54   0.001
20090320   -1.95   -0.35   -0.52   0.001
20090323    6.89   -0.47    2.96   0.001
20090324   -1.93   -1.19   -1.03   0.001
20090325    0.94    1.15    0.55   0.001
20090326    2.68    1.69    0.04   0.001
20090327   -2.06   -1.15    0.34   0.001
20090330   -3.47    1.39   -3.13   0.001
20090331    1.29   -0.33    0.98   0.001
20090401    1.65   -0.43    1.26   0.001
20090402    3.07    1.53    0.75   0.001
20090403    1.02   -0.12    0.75   0.001
20090406   -0.93   -0.55   -0.53   0.001
20090407   -2.42   -0.62   -0.13   0.001
20090408    1.28    1.01    0.09   0.001
20090409    3.92    0.71    3.14   0.001
20090413    0.26   -0.60    1.65   0.001
20090414   -2.02   -0.23   -2.26   0.001
20090415    1.12    0.05    1.87   0.001
20090416    1.69    1.19    0.04   0.001
20090417    0.55    0.79    0.27   0.001
20090420   -4.32   -0.17   -3.34   0.001
20090421    2.19    0.95    2.45   0.001
20090422   -0.61    1.34   -0.82   0.001
20090423    0.66   -1.80    0.51   0.001
20090424    1.77    0.70    0.08   0.001
20090427   -0.95   -0.43   -1.55   0.001
20090428   -0.20    0.84    0.09   0.001
20090429    2.41    0.78    0.88   0.001
20090430   -0.04   -0.43   -0.36   0.001
20090501    0.45   -0.65    0.33   0.000
20090504    3.36   -0.25    2.30   0.000
20090505   -0.27    0.20   -0.04   0.000
20090506    1.45   -1.81    2.22   0.000
20090507   -1.42   -0.77   -0.64   0.000
20090508    2.48    0.32    2.40   0.000
20090511   -2.01    1.02   -2.03   0.000
20090512   -0.31   -0.88   -1.39   0.000
20090513   -2.91   -1.42   -1.33   0.000
20090514    1.11    0.60    0.56   0.000
20090515   -1.02    0.50   -0.91   0.000
20090518    3.13    0.37    1.61   0.000
20090519   -0.04    0.05   -0.77   0.000
20090520   -0.48   -0.14   -0.85   0.000
20090521   -1.68    0.07    0.07   0.000
20090522   -0.15   -0.39   -0.45   0.000
20090526    2.78    1.44    0.44   0.000
20090527   -1.80    0.18   -1.08   0.000
20090528    1.35   -1.33    0.53   0.000
20090529    1.38    0.45   -0.12   0.000
20090601    2.72    1.29   -0.34   0.000
20090602    0.29    0.80   -0.18   0.000
20090603   -1.39    0.89   -1.03   0.000
20090604    1.19    0.17    0.95   0.000
20090605   -0.19    0.09   -0.42   0.000
20090608   -0.20   -0.84    0.47   0.000
20090609    0.49    0.30   -0.25   0.000
20090610   -0.35   -0.36   -0.23   0.000
20090611    0.63   -0.23    0.26   0.000
20090612    0.03   -0.16    0.05   0.000
20090615   -2.38   -0.24   -0.29   0.000
20090616   -1.33   -0.16   -0.08   0.000
20090617   -0.08    0.90   -1.10   0.000
20090618    0.74   -0.51    0.29   0.000
20090619    0.35    0.38   -0.11   0.000
20090622   -3.08   -0.31   -0.70   0.000
20090623    0.08   -1.03    0.11   0.000
20090624    0.78    0.19   -0.02   0.000
20090625    2.19    0.71    0.06   0.000
20090626    0.04    1.44    0.10   0.000
20090629    0.82   -0.96    0.30   0.000
20090630   -0.74    0.21   -0.08   0.000
20090701    0.54    1.48    0.33   0.001
20090702   -2.89   -0.65   -1.02   0.001
20090706   -0.03   -0.95   -1.01   0.001
20090707   -1.93    0.15   -0.41   0.001
20090708   -0.20   -0.56   -1.05   0.001
20090709    0.35   -0.50    1.13   0.001
20090710   -0.35    0.80   -0.25   0.001
20090713    2.43   -0.42    1.27   0.001
20090714    0.59    0.30    0.78   0.001
20090715    2.98    0.61    1.28   0.001
20090716    0.94    0.43   -0.03   0.001
20090717   -0.05   -0.13   -0.16   0.001
20090720    1.19    0.30    0.50   0.001
20090721    0.31   -0.57   -0.71   0.001
20090722    0.08    0.61    0.27   0.001
20090723    2.37    0.63    1.08   0.001
20090724    0.38    0.23    0.30   0.001
20090727    0.30    0.12    0.97   0.001
20090728   -0.20    0.30   -0.50   0.001
20090729   -0.46   -0.09   -0.92   0.001
20090730    1.24    0.32    1.50   0.001
20090731    0.05   -0.12    1.21   0.001
20090803    1.63    0.13    1.72   0.001
20090804    0.31    0.45    0.82   0.001
20090805   -0.30   -0.88    1.31   0.001
20090806   -0.62   -1.06    0.22   0.001
20090807    1.44    1.08    0.96   0.001
20090810   -0.32    0.48    0.29   0.001
20090811   -1.25   -0.15   -0.93   0.001
20090812    1.21    0.48    0.37   0.001
20090813    0.73   -0.25    1.05   0.001
20090814   -0.97   -1.22   -0.14   0.001
20090817   -2.46   -0.16   -1.57   0.001
20090818    1.11    0.54    1.15   0.001
20090819    0.72    0.33   -0.25   0.001
20090820    1.00    0.02    0.74   0.001
20090821    1.83    0.32    0.68   0.001
20090824   -0.09    0.03   -0.10   0.001
20090825    0.27    0.26    0.52   0.001
20090826   -0.01    0.13    0.16   0.001
20090827    0.21   -0.19    0.56   0.001
20090828   -0.19   -0.42    0.71   0.001
20090831   -0.86   -0.36   -0.91   0.001
20090901   -2.15    0.00   -1.75   0.000
20090902   -0.28    0.06   -0.53   0.000
20090903    0.93    0.13    0.84   0.000
20090904    1.31    0.14    0.48   0.000
20090908    0.89    0.19    0.14   0.000
20090909    0.90    0.78    0.69   0.000
20090910    1.08    0.43    1.12   0.000
20090911   -0.10    0.09    0.09   0.000
20090914    0.65    0.17    0.49   0.000
20090915    0.44    0.50    0.80   0.000
20090916    1.55    0.48    1.19   0.000
20090917   -0.30    0.01   -0.46   0.000
20090918    0.23    0.10   -0.14   0.000
20090921   -0.27   -0.16   -0.67   0.000
20090922    0.66    0.05    1.16   0.000
20090923   -1.00    0.08   -0.82   0.000
20090924   -1.07   -0.67   -1.31   0.000
20090925   -0.64    0.15   -0.39   0.000
20090928    1.79    0.38    0.93   0.000
20090929   -0.12   -0.04    0.39   0.000
20090930   -0.40   -0.55   -0.68   0.000
20091001   -2.63   -0.66   -1.26   0.000
20091002   -0.49   -0.22   -0.39   0.000
20091005    1.54    0.16    1.66   0.000
20091006    1.42    0.55    0.23   0.000
20091007    0.28   -0.31    0.41   0.000
20091008    0.82    0.22    0.56   0.000
20091009    0.59    0.63   -0.34   0.000
20091012    0.36   -0.50    0.30   0.000
20091013   -0.22    0.10   -0.11   0.000
20091014    1.73    0.13    0.89   0.000
20091015    0.34   -0.20   -0.48   0.000
20091016   -0.82   -0.10   -1.06   0.000
20091019    0.92    0.01    0.16   0.000
20091020   -0.69   -0.65   -0.53   0.000
20091021   -0.90   -0.15   -0.35   0.000
20091022    1.05    0.10    0.50   0.000
20091023   -1.23   -0.74   -1.15   0.000
20091026   -1.20   -0.04   -1.28   0.000
20091027   -0.51   -0.56   -0.65   0.000
20091028   -2.16   -1.48   -1.42   0.000
20091029    2.20   -0.24    1.63   0.000
20091030   -2.80   -0.12   -1.73   0.000
20091102    0.54   -0.74   -0.43   0.000
20091103    0.46    1.00    0.86   0.000
20091104    0.03   -1.06   -0.38   0.000
20091105    2.07    1.15    0.55   0.000
20091106    0.24   -0.29   -0.32   0.000
20091109    2.17   -0.44    1.45   0.000
20091110   -0.05   -0.79   -0.01   0.000
20091111    0.53    0.31    0.26   0.000
20091112   -1.12   -0.89   -0.71   0.000
20091113    0.61    0.29    0.03   0.000
20091116    1.54    1.17    0.33   0.000
20091117    0.14   -0.18   -0.10   0.000
20091118   -0.13   -0.43    0.36   0.000
20091119   -1.39   -0.75   -0.64   0.000
20091120   -0.33    0.22   -0.51   0.000
20091123    1.30    0.39   -0.12   0.000
20091124   -0.09   -0.24   -0.24   0.000
20091125    0.47   -0.46    0.28   0.000
20091127   -1.74   -0.54   -0.77   0.000
20091130    0.28   -0.28    0.49   0.000
20091201    1.28    0.51   -0.02   0.000
20091202    0.19    0.96   -0.21   0.000
20091203   -0.86   -0.35   -0.12   0.000
20091204    0.70    1.54    0.74   0.000
20091207   -0.15    0.37   -0.02   0.000
20091208   -0.97    0.06   -0.16   0.000
20091209    0.32   -0.19    0.09   0.000
20091210    0.50   -0.96    0.01   0.000
20091211    0.43    0.26    0.55   0.000
20091214    0.80    0.64    0.31   0.000
20091215   -0.48    0.21   -0.44   0.000
20091216    0.19    0.47    0.69   0.000
20091217   -1.18    0.21   -0.27   0.000
20091218    0.68    0.28    0.07   0.000
20091221    1.03    0.21    0.23   0.000
20091222    0.43    0.60   -0.16   0.000
20091223    0.36    0.85   -0.29   0.000
20091224    0.51   -0.08    0.16   0.000
20091228    0.08   -0.15   -0.27   0.000
20091229   -0.09    0.07   -0.06   0.000
20091230    0.00   -0.05   -0.18   0.000
20091231   -0.99   -0.13    0.15   0.000
20100104    1.69    0.61    1.03   0.000
20100105    0.31   -0.50    1.07   0.000
20100106    0.13   -0.24    0.43   0.000
20100107    0.40    0.17    0.69   0.000
20100108    0.33    0.37    0.02   0.000
20100111    0.13   -0.16   -0.18   0.000
20100112   -1.00   -0.25   -1.18   0.000
20100113    0.85    0.26    0.37   0.000
20100114    0.24    0.27    0.00   0.000
20100115   -1.12   -0.12   -0.33   0.000
20100119    1.26    0.29    0.23   0.000
20100120   -0.98   -0.52    0.13   0.000
20100121   -1.74    0.28   -0.86   0.000
20100122   -2.14    0.49   -0.70   0.000
20100125    0.37   -0.26    0.44   0.000
20100126   -0.45   -0.11   -0.34   0.000
20100127    0.53    0.28   -0.02   0.000
20100128   -1.18   -0.60    0.38   0.000
20100129   -0.97   -0.05   -0.36   0.000
20100201    1.39   -0.19    0.97   0.000
20100202    1.21   -0.36    0.60   0.000
20100203   -0.49    0.11   -0.46   0.000
20100204   -3.14   -0.18   -1.03   0.000
20100205    0.29   -0.05   -0.01   0.000
20100208   -0.79    0.05   -0.33   0.000
20100209    1.33    0.35    0.51   0.000
20100210   -0.17    0.31    0.17   0.000
20100211    1.13    0.66    0.16   0.000
20100212   -0.07    0.96    0.08   0.000
20100216    1.75   -0.31    1.06   0.000
20100217    0.49    0.09    0.13   0.000
20100218    0.62    0.08   -0.01   0.000
20100219    0.28   -0.01    0.54   0.000
20100222   -0.05    0.06    0.32   0.000
20100223   -1.24    0.18   -0.80   0.000
20100224    0.94   -0.27    0.34   0.000
20100225   -0.13    0.22    0.28   0.000
20100226    0.13   -0.42    0.14   0.000
20100301    1.20    1.13    0.16   0.000
20100302    0.32    0.54    0.25   0.000
20100303    0.09    0.14    0.14   0.000
20100304    0.37    0.11    0.14   0.000
20100305    1.44    0.39    0.57   0.000
20100308    0.02    0.09    0.32   0.000
20100309    0.21    0.24   -0.03   0.000
20100310    0.53    0.10    0.57   0.000
20100311    0.43   -0.09   -0.10   0.000
20100312   -0.02    0.06   -0.32   0.000
20100315   -0.02   -0.31   -0.50   0.000
20100316    0.78   -0.15    0.60   0.000
20100317    0.57    0.05    0.30   0.000
20100318   -0.10   -0.12   -0.60   0.000
20100319   -0.62   -0.59   -0.67   0.000
20100322    0.67    0.85   -0.02   0.000
20100323    0.80    0.36    0.31   0.000
20100324   -0.60   -0.58    0.77   0.000
20100325   -0.26   -0.41   -0.36   0.000
20100326    0.06   -0.06    0.30   0.000
20100329    0.59   -0.13    0.34   0.000
20100330    0.04    0.23   -0.30   0.000
20100331   -0.36   -0.45    0.10   0.000
20100401    0.75    0.02    0.77   0.001
20100405    0.95    1.05    0.89   0.001
20100406    0.19    0.28    0.37   0.001
20100407   -0.48    0.21    0.24   0.001
20100408    0.31   -0.23    0.30   0.001
20100409    0.66   -0.11    0.17   0.001
20100412    0.23    0.34   -0.08   0.001
20100413    0.07    0.10    0.01   0.001
20100414    1.24    0.93    1.12   0.001
20100415    0.11    0.59   -0.06   0.001
20100416   -1.53    0.67   -1.50   0.001
20100419    0.28   -0.88    0.00   0.001
20100420    0.88    0.64    0.56   0.001
20100421   -0.06    0.65    0.29   0.001
20100422    0.37    0.72    0.65   0.001
20100423    0.70    0.36    0.61   0.001
20100426   -0.43    0.33   -0.07   0.001
20100427   -2.34    0.08   -1.31   0.001
20100428    0.56   -0.62    0.50   0.001
20100429    1.34    0.44    0.50   0.001
20100430   -1.72   -0.96   -0.86   0.001
20100503    1.35    0.61    0.62   0.001
20100504   -2.50   -0.59   -0.86   0.001
20100505   -0.75   -0.63   -0.81   0.001
20100506   -3.27   -0.21   -0.93   0.001
20100507   -1.75   -1.27   -0.57   0.001
20100510    4.47    0.95    1.03   0.001
20100511   -0.17    1.09   -0.08   0.001
20100512    1.63    1.36    0.26   0.001
20100513   -1.12    0.27   -0.21   0.001
20100514   -1.92   -0.27   -0.64   0.001
20100517    0.11   -0.01   -0.50   0.001
20100518   -1.41   -0.27   -0.79   0.001
20100519   -0.63   -0.88   -0.10   0.001
20100520   -3.99   -0.80   -1.19   0.001
20100521    1.44   -0.31    1.24   0.001
20100524   -1.19    0.26   -0.71   0.001
20100525   -0.03   -0.49    0.62   0.001
20100526   -0.35    0.76    0.43   0.001
20100527    3.45    0.62    1.55   0.001
20100528   -1.18    0.05   -0.55   0.001
20100601   -1.89   -0.98   -1.64   0.001
20100602    2.63    0.15    0.40   0.001
20100603    0.54    0.57    0.01   0.001
20100604   -3.62   -1.14   -0.64   0.001
20100607   -1.52   -1.07   -0.94   0.001
20100608    0.91   -1.31    0.00   0.001
20100609   -0.46    0.77   -0.27   0.001
20100610    2.95    0.29    1.02   0.001
20100611    0.62    0.82    0.21   0.001
20100614   -0.06    0.55    0.21   0.001
20100615    2.36    0.03    0.97   0.001
20100616   -0.11   -0.15   -0.37   0.001
20100617    0.08   -0.20   -0.41   0.001
20100618    0.13    0.04    0.09   0.001
20100621   -0.47   -0.56    0.09   0.001
20100622   -1.63   -0.28   -0.89   0.001
20100623   -0.29    0.04    0.00   0.001
20100624   -1.65    0.11   -0.84   0.001
20100625    0.48    1.07    0.75   0.001
20100628   -0.23   -0.11   -0.45   0.001
20100629   -3.23   -0.63   -1.19   0.001
20100630   -0.98    0.05   -0.39   0.001
20100701   -0.40   -0.32   -0.45   0.001
20100702   -0.50   -0.33   -0.40   0.001
20100706    0.33   -2.01    0.08   0.001
20100707    3.17    0.07    0.42   0.001
20100708    1.00    0.59    0.18   0.001
20100709    0.81    0.65    0.57   0.001
20100712   -0.12   -1.17    0.11   0.001
20100713    1.76    1.61    0.61   0.001
20100714   -0.04   -0.16   -0.72   0.001
20100715    0.02   -0.86   -0.09   0.001
20100716   -2.94   -0.58   -0.92   0.001
20100719    0.54   -0.14   -0.20   0.001
20100720    1.23    0.63    0.13   0.001
20100721   -1.30   -0.36   -0.36   0.001
20100722    2.37    1.25    0.52   0.001
20100723    1.05    1.47   -0.27   0.001
20100726    1.23    0.85    0.19   0.001
20100727   -0.23   -0.35    0.37   0.001
20100728   -0.82   -0.88    0.07   0.001
20100729   -0.36    0.32    0.68   0.001
20100730    0.06    0.03   -0.22   0.001
20100802    2.08   -0.56    0.23   0.001
20100803   -0.55   -0.44   -0.49   0.001
20100804    0.74    0.42   -0.02   0.001
20100805   -0.22   -0.80    0.14   0.001
20100806   -0.36   -0.15   -0.30   0.001
20100809    0.62    0.61    0.11   0.001
20100810   -0.79   -1.21   -0.19   0.001
20100811   -2.91   -1.04   -0.62   0.001
20100812   -0.50   -0.04   -0.02   0.001
20100813   -0.47   -0.78    0.29   0.001
20100816    0.10    0.92   -0.15   0.001
20100817    1.31    0.56   -0.15   0.001
20100818    0.21    0.06   -0.01   0.001
20100819   -1.74   -0.78   -0.49   0.001
20100820   -0.28    0.30   -0.25   0.001
20100823   -0.50   -0.92   -0.44   0.001
20100824   -1.48    0.18    0.15   0.001
20100825    0.45    1.01    0.00   0.001
20100826   -0.76   -0.07   -0.21   0.001
20100827    1.82    0.90    0.36   0.001
20100830   -1.54   -0.81   -0.38   0.001
20100831    0.01   -0.24    0.71   0.001
20100901    3.05    0.56    0.56   0.001
20100902    0.97    0.27   -0.32   0.001
20100903    1.35    0.32    0.21   0.001
20100907   -1.23   -0.77   -0.72   0.001
20100908    0.65    0.01    0.18   0.001
20100909    0.44   -0.47    0.53   0.001
20100910    0.45   -0.08   -0.08   0.001
20100913    1.30    1.10    0.22   0.001
20100914   -0.06   -0.23   -0.51   0.001
20100915    0.36    0.10   -0.21   0.001
20100916   -0.07   -0.50   -0.71   0.001
20100917    0.15    0.58   -0.60   0.001
20100920    1.60    1.11    0.19   0.001
20100921   -0.31   -0.29   -0.27   0.001
20100922   -0.52   -0.56   -0.51   0.001
20100923   -0.78   -0.08   -0.74   0.001
20100924    2.19    0.94    0.50   0.001
20100927   -0.46    0.19   -0.32   0.001
20100928    0.57    0.51    0.06   0.001
20100929   -0.17    0.64   -0.18   0.001
20100930   -0.26    0.05    0.20   0.001
20101001    0.43   -0.07    0.19   0.001
20101004   -0.88   -0.69   -0.02   0.001
20101005    2.11    0.73    0.12   0.001
20101006   -0.10   -0.37    0.41   0.001
20101007   -0.16    0.04   -0.21   0.001
20101008    0.74    0.94   -0.11   0.001
20101011    0.04    0.01   -0.17   0.001
20101012    0.39   -0.04    0.12   0.001
20101013    0.78    0.86   -0.22   0.001
20101014   -0.38    0.40   -0.40   0.001
20101015    0.18   -0.06   -1.18   0.001
20101018    0.69    0.04    0.82   0.001
20101019   -1.67   -0.65    0.31   0.001
20101020    1.06    0.04    0.15   0.001
20101021    0.11   -0.51   -0.56   0.001
20101022    0.29    0.42   -0.38   0.001
20101025    0.31    0.44   -0.50   0.001
20101026    0.02    0.01   -0.15   0.001
20101027   -0.24   -0.19   -0.23   0.001
20101028    0.08   -0.61   -0.10   0.001
20101029    0.07    0.31   -0.10   0.001
20101101   -0.01   -0.63   -0.21   0.001
20101102    0.90    1.26   -0.10   0.001
20101103    0.38   -0.04    0.09   0.001
20101104    1.94    0.44    1.10   0.001
20101105    0.41   -0.08    0.61   0.001
20101108   -0.13    0.43   -0.44   0.001
20101109   -0.78   -0.41   -0.46   0.001
20101110    0.53    0.55    0.54   0.001
20101111   -0.35   -0.06   -0.05   0.001
20101112   -1.29   -0.44   -0.07   0.001
20101115   -0.09    0.20    0.32   0.001
20101116   -1.58   -0.30   -0.15   0.001
20101117    0.07    0.33   -0.22   0.001
20101118    1.57    0.28   -0.22   0.001
20101119    0.31    0.19   -0.11   0.001
20101122   -0.02    0.56   -0.89   0.001
20101123   -1.38    0.51   -0.36   0.001
20101124    1.60    0.61    0.08   0.001
20101126   -0.67    0.29   -0.31   0.001
20101129   -0.13    0.02    0.44   0.001
20101130   -0.59   -0.20   -0.02   0.001
20101201    2.12   -0.16    0.05   0.001
20101202    1.24   -0.34    0.66   0.001
20101203    0.36    0.38    0.04   0.001
20101206   -0.03    0.74   -0.04   0.001
20101207    0.09    0.37   -0.02   0.001
20101208    0.32   -0.46    0.47   0.001
20101209    0.42   -0.02    0.65   0.001
20101210    0.67    0.41    0.21   0.001
20101213   -0.08   -0.56    0.07   0.001
20101214    0.09   -0.05   -0.15   0.001
20101215   -0.48    0.21   -0.59   0.001
20101216    0.70    0.41   -0.12   0.001
20101217    0.15    0.12   -0.12   0.001
20101220    0.23    0.01    0.38   0.001
20101221    0.68    0.31    0.75   0.001
20101222    0.29   -0.34    0.75   0.001
20101223   -0.16    0.07   -0.29   0.001
20101227    0.08    0.20    0.37   0.001
20101228    0.00   -0.41    0.18   0.001
20101229    0.17    0.10   -0.10   0.001
20101230   -0.11    0.11    0.03   0.001
20101231   -0.10   -0.61    0.27   0.001